0.000000 
0.198000 
0.395000 
0.593000 
0.792000 
0.990000 
1.189000 
1.388000 
1.587000 
1.786000 
1.986000 
2.185000 
2.384000 
2.583000 
2.783000 
2.983000 
3.183000 
3.383000 
3.583000 
3.783000 
3.983000 
4.183000 
4.384000 
4.584000 
4.784000 
4.984000 
5.185000 
5.385000 
5.585000 
5.785000 
5.985000 
6.185000 
6.384000 
6.584000 
6.784000 
6.984000 
7.184000 
7.383000 
7.583000 
7.783000 
7.983000 
8.183000 
8.383000 
8.583000 
8.783000 
8.982000 
9.182000 
9.381000 
9.581000 
9.781000 
9.981000 
10.180000 
10.380000 
10.579000 
10.778000 
10.978000 
11.177000 
11.377000 
11.576000 
11.776000 
11.975000 
12.175000 
12.375000 
12.574000 
12.774000 
12.974000 
13.173000 
13.373000 
13.573000 
13.772000 
13.972000 
14.172000 
14.372000 
14.571000 
14.771000 
14.971000 
15.171000 
15.370000 
15.569000 
15.769000 
15.968000 
16.168000 
16.367000 
16.567000 
16.767000 
16.967000 
17.167000 
17.368000 
17.568000 
17.769000 
17.970000 
18.170000 
18.371000 
18.572000 
18.773000 
18.973000 
19.174000 
19.375000 
19.576000 
19.777000 
19.978000 
20.179000 
20.380000 
20.581000 
20.781000 
20.982000 
21.182000 
21.383000 
21.583000 
21.783000 
21.983000 
22.183000 
22.383000 
22.584000 
22.784000 
22.984000 
23.184000 
23.384000 
23.584000 
23.784000 
23.984000 
24.184000 
24.384000 
24.585000 
24.785000 
24.985000 
25.186000 
25.386000 
25.586000 
25.787000 
25.987000 
26.188000 
26.388000 
26.589000 
26.789000 
26.990000 
27.191000 
27.392000 
27.593000 
27.794000 
27.995000 
28.196000 
28.396000 
28.597000 
28.798000 
28.999000 
29.200000 
29.401000 
29.602000 
29.802000 
30.003000 
30.204000 
30.404000 
30.605000 
30.806000 
31.006000 
31.207000 
31.407000 
31.608000 
31.808000 
32.008000 
32.208000 
32.408000 
32.608000 
32.807000 
33.007000 
33.207000 
33.407000 
33.606000 
33.806000 
34.006000 
34.205000 
34.404000 
34.604000 
34.803000 
35.003000 
35.202000 
35.402000 
35.602000 
35.802000 
36.001000 
36.201000 
36.401000 
36.601000 
36.800000 
37.000000 
37.199000 
37.399000 
37.598000 
37.798000 
37.998000 
38.198000 
38.398000 
38.598000 
38.798000 
38.998000 
39.199000 
39.399000 
39.599000 
39.800000 
40.000000 
40.201000 
40.402000 
40.603000 
40.804000 
41.005000 
41.206000 
41.408000 
41.609000 
41.811000 
42.012000 
42.214000 
42.415000 
42.616000 
42.818000 
43.019000 
43.220000 
43.421000 
43.623000 
43.824000 
44.025000 
44.226000 
44.427000 
44.628000 
44.829000 
45.031000 
45.232000 
45.433000 
45.634000 
45.835000 
46.036000 
46.237000 
46.439000 
46.640000 
46.841000 
47.041000 
47.242000 
47.443000 
47.644000 
47.844000 
48.045000 
48.245000 
48.446000 
48.646000 
48.847000 
49.047000 
49.248000 
49.448000 
49.649000 
49.849000 
50.050000 
50.251000 
50.451000 
50.652000 
50.853000 
51.054000 
51.255000 
51.456000 
51.657000 
51.858000 
52.059000 
52.260000 
52.461000 
52.663000 
52.864000 
53.066000 
53.268000 
53.469000 
53.671000 
53.873000 
54.075000 
54.276000 
54.478000 
54.679000 
54.881000 
55.082000 
55.283000 
55.484000 
55.685000 
55.886000 
56.087000 
56.289000 
56.490000 
56.691000 
56.892000 
57.093000 
57.294000 
57.495000 
57.695000 
57.896000 
58.096000 
58.297000 
58.497000 
58.697000 
58.897000 
59.097000 
59.297000 
59.497000 
59.696000 
59.896000 
60.096000 
60.295000 
60.495000 
60.694000 
60.893000 
61.092000 
61.291000 
61.490000 
61.689000 
61.888000 
62.087000 
62.286000 
62.485000 
62.685000 
62.884000 
63.084000 
63.284000 
63.483000 
63.683000 
63.883000 
64.083000 
64.283000 
64.483000 
64.683000 
64.883000 
65.084000 
65.284000 
65.484000 
65.685000 
65.885000 
66.086000 
66.286000 
66.487000 
66.688000 
66.889000 
67.090000 
67.290000 
67.491000 
67.692000 
67.894000 
68.095000 
68.296000 
68.497000 
68.699000 
68.900000 
69.102000 
69.303000 
69.504000 
69.705000 
69.905000 
70.106000 
70.306000 
70.507000 
70.707000 
70.907000 
71.107000 
71.308000 
71.508000 
71.708000 
71.908000 
72.108000 
72.309000 
72.509000 
72.709000 
72.908000 
73.108000 
73.308000 
73.508000 
73.708000 
73.908000 
74.107000 
74.307000 
74.507000 
74.707000 
74.907000 
75.108000 
75.308000 
75.507000 
75.707000 
75.907000 
76.107000 
76.307000 
76.507000 
76.707000 
76.906000 
77.106000 
77.305000 
77.505000 
77.704000 
77.904000 
78.103000 
78.303000 
78.503000 
78.703000 
78.902000 
79.102000 
79.303000 
79.503000 
79.703000 
79.904000 
80.104000 
80.305000 
80.506000 
80.707000 
80.909000 
81.110000 
81.312000 
81.514000 
81.715000 
81.917000 
82.119000 
82.320000 
82.522000 
82.723000 
82.925000 
83.126000 
83.327000 
83.528000 
83.728000 
83.929000 
84.129000 
84.329000 
84.530000 
84.730000 
84.929000 
85.129000 
85.329000 
85.529000 
85.728000 
85.928000 
86.128000 
86.327000 
86.526000 
86.725000 
86.924000 
87.123000 
87.322000 
87.521000 
87.719000 
87.918000 
88.116000 
88.314000 
88.512000 
88.711000 
88.909000 
89.107000 
89.305000 
89.504000 
89.703000 
89.901000 
90.100000 
90.299000 
90.498000 
90.697000 
90.896000 
91.095000 
91.295000 
91.494000 
91.693000 
91.892000 
92.092000 
92.291000 
92.491000 
92.690000 
92.890000 
93.090000 
93.290000 
93.489000 
93.689000 
93.889000 
94.088000 
94.288000 
94.488000 
94.688000 
94.888000 
95.088000 
95.288000 
95.488000 
95.688000 
95.888000 
96.088000 
96.288000 
96.489000 
96.689000 
96.890000 
97.091000 
97.292000 
97.493000 
97.695000 
97.896000 
98.098000 
98.299000 
98.500000 
98.702000 
98.903000 
99.104000 
99.305000 
99.506000 
99.706000 
99.906000 
100.105000 
100.305000 
100.504000 
100.702000 
100.900000 
101.098000 
101.296000 
101.494000 
101.691000 
101.889000 
102.087000 
102.284000 
102.482000 
102.679000 
102.877000 
103.075000 
103.273000 
103.471000 
103.669000 
103.868000 
104.067000 
104.265000 
104.464000 
104.663000 
104.863000 
105.062000 
105.261000 
105.460000 
105.660000 
105.859000 
106.059000 
106.258000 
106.458000 
106.657000 
106.857000 
107.057000 
107.258000 
107.458000 
107.658000 
107.858000 
108.059000 
108.259000 
108.460000 
108.660000 
108.861000 
109.062000 
109.262000 
109.462000 
109.663000 
109.863000 
110.064000 
110.264000 
110.464000 
110.665000 
110.865000 
111.065000 
111.266000 
111.466000 
111.666000 
111.866000 
112.066000 
112.266000 
112.465000 
112.665000 
112.865000 
113.065000 
113.264000 
113.464000 
113.664000 
113.864000 
114.064000 
114.263000 
114.463000 
114.662000 
114.862000 
115.061000 
115.261000 
115.460000 
115.660000 
115.859000 
116.059000 
116.258000 
116.457000 
116.656000 
116.855000 
117.054000 
117.253000 
117.451000 
117.650000 
117.848000 
118.047000 
118.245000 
118.444000 
118.643000 
118.841000 
119.040000 
119.239000 
119.438000 
119.637000 
119.836000 
120.036000 
120.236000 
120.436000 
120.636000 
120.836000 
121.037000 
121.237000 
121.437000 
121.638000 
121.838000 
122.039000 
122.239000 
122.440000 
122.640000 
122.841000 
123.042000 
123.242000 
123.442000 
123.643000 
123.843000 
124.043000 
124.243000 
124.443000 
124.643000 
124.843000 
125.043000 
125.243000 
125.443000 
125.643000 
125.843000 
126.043000 
126.243000 
126.443000 
126.643000 
126.843000 
127.043000 
127.242000 
127.442000 
127.642000 
127.842000 
128.042000 
128.242000 
128.442000 
128.642000 
128.843000 
129.043000 
129.243000 
129.443000 
129.644000 
129.844000 
130.045000 
130.245000 
130.445000 
130.646000 
130.846000 
131.047000 
131.248000 
131.448000 
131.649000 
131.849000 
132.050000 
132.250000 
132.451000 
132.651000 
132.851000 
133.051000 
133.251000 
133.451000 
133.651000 
133.851000 
134.051000 
134.251000 
134.451000 
134.651000 
134.851000 
135.051000 
135.251000 
135.451000 
135.651000 
135.851000 
136.052000 
136.252000 
136.452000 
136.653000 
136.853000 
137.053000 
137.254000 
137.454000 
137.654000 
137.854000 
138.055000 
138.255000 
138.455000 
138.655000 
138.855000 
139.056000 
139.256000 
139.456000 
139.656000 
139.856000 
140.055000 
140.255000 
140.455000 
140.655000 
140.855000 
141.055000 
141.255000 
141.455000 
141.655000 
141.855000 
142.055000 
142.256000 
142.456000 
142.656000 
142.856000 
143.056000 
143.256000 
143.456000 
143.656000 
143.857000 
144.057000 
144.257000 
144.458000 
144.658000 
144.858000 
145.059000 
145.259000 
145.459000 
145.659000 
145.860000 
146.060000 
146.261000 
146.461000 
146.662000 
146.862000 
147.063000 
147.264000 
147.464000 
147.664000 
147.865000 
148.065000 
148.266000 
148.466000 
148.666000 
148.866000 
149.066000 
149.266000 
149.466000 
149.666000 
149.866000 
150.066000 
150.267000 
150.467000 
150.668000 
150.868000 
151.068000 
151.269000 
151.469000 
151.670000 
151.870000 
152.071000 
152.272000 
152.473000 
152.674000 
152.875000 
153.076000 
153.277000 
153.479000 
153.680000 
153.881000 
154.082000 
154.283000 
154.485000 
154.686000 
154.887000 
155.089000 
155.290000 
155.491000 
155.692000 
155.894000 
156.095000 
156.296000 
156.497000 
156.698000 
156.899000 
157.100000 
157.301000 
157.502000 
157.703000 
157.904000 
158.105000 
158.306000 
158.507000 
158.708000 
158.910000 
159.111000 
159.312000 
159.513000 
159.714000 
159.915000 
160.116000 
160.316000 
160.517000 
160.718000 
160.918000 
161.119000 
161.319000 
161.520000 
161.720000 
161.920000 
162.121000 
162.321000 
162.521000 
162.722000 
162.922000 
163.122000 
163.323000 
163.523000 
163.724000 
163.924000 
164.125000 
164.325000 
164.525000 
164.725000 
164.926000 
165.126000 
165.326000 
165.526000 
165.726000 
165.926000 
166.126000 
166.326000 
166.525000 
166.725000 
166.924000 
167.124000 
167.323000 
167.523000 
167.722000 
167.922000 
168.122000 
168.322000 
168.522000 
168.723000 
168.923000 
169.123000 
169.324000 
169.524000 
169.724000 
169.924000 
170.124000 
170.324000 
170.523000 
170.723000 
170.923000 
171.122000 
171.322000 
171.521000 
171.721000 
171.920000 
172.120000 
172.319000 
172.518000 
172.717000 
172.916000 
173.115000 
173.314000 
173.513000 
173.713000 
173.912000 
174.111000 
174.310000 
174.509000 
174.708000 
174.907000 
175.106000 
175.305000 
175.504000 
175.703000 
175.902000 
176.101000 
176.300000 
176.499000 
176.699000 
176.898000 
177.097000 
177.296000 
177.495000 
177.694000 
177.893000 
178.092000 
178.291000 
178.490000 
178.689000 
178.887000 
179.086000 
179.285000 
179.484000 
179.683000 
179.882000 
180.081000 
180.280000 
180.479000 
180.679000 
180.878000 
181.078000 
181.278000 
181.478000 
181.678000 
181.879000 
182.079000 
182.279000 
182.480000 
182.680000 
182.881000 
183.082000 
183.282000 
183.483000 
183.683000 
183.883000 
184.084000 
184.285000 
184.485000 
184.686000 
184.886000 
185.087000 
185.287000 
185.488000 
185.688000 
185.888000 
186.088000 
186.288000 
186.488000 
186.688000 
186.888000 
187.088000 
187.287000 
187.487000 
187.687000 
187.886000 
188.085000 
188.284000 
188.482000 
188.681000 
188.879000 
189.078000 
189.276000 
189.474000 
189.672000 
189.870000 
190.069000 
190.267000 
190.465000 
190.664000 
190.862000 
191.060000 
191.259000 
191.457000 
191.656000 
191.854000 
192.053000 
192.251000 
192.450000 
192.648000 
192.846000 
193.045000 
193.244000 
193.442000 
193.641000 
193.840000 
194.039000 
194.238000 
194.437000 
194.636000 
194.835000 
195.034000 
195.233000 
195.432000 
195.632000 
195.831000 
196.031000 
196.231000 
196.430000 
196.630000 
196.829000 
197.029000 
197.228000 
197.428000 
197.628000 
197.827000 
198.027000 
198.227000 
198.427000 
198.627000 
198.827000 
199.027000 
199.227000 
199.427000 
199.627000 
199.827000 
200.028000 
200.228000 
200.429000 
200.629000 
200.829000 
201.029000 
201.229000 
201.429000 
201.628000 
201.827000 
202.026000 
202.225000 
202.424000 
202.622000 
202.820000 
203.019000 
203.217000 
203.415000 
203.613000 
203.811000 
204.009000 
204.207000 
204.405000 
204.602000 
