0.000000 
0.197000 
0.394000 
0.591000 
0.789000 
0.987000 
1.185000 
1.383000 
1.582000 
1.780000 
1.979000 
2.178000 
2.377000 
2.575000 
2.774000 
2.973000 
3.172000 
3.371000 
3.570000 
3.770000 
3.969000 
4.169000 
4.368000 
4.568000 
4.767000 
4.967000 
5.167000 
5.367000 
5.567000 
5.768000 
5.968000 
6.168000 
6.368000 
6.569000 
6.769000 
6.968000 
7.168000 
7.368000 
7.568000 
7.768000 
7.968000 
8.168000 
8.368000 
8.568000 
8.768000 
8.968000 
9.167000 
9.367000 
9.567000 
9.766000 
9.966000 
10.166000 
10.366000 
10.566000 
10.766000 
10.967000 
11.167000 
11.368000 
11.568000 
11.768000 
11.968000 
12.168000 
12.369000 
12.569000 
12.769000 
12.970000 
13.170000 
13.371000 
13.571000 
13.772000 
13.972000 
14.172000 
14.373000 
14.573000 
14.774000 
14.974000 
15.174000 
15.374000 
15.574000 
15.774000 
15.975000 
16.175000 
16.375000 
16.575000 
16.775000 
16.976000 
17.176000 
17.377000 
17.578000 
17.779000 
17.980000 
18.181000 
18.383000 
18.584000 
18.786000 
18.987000 
19.189000 
19.390000 
19.592000 
19.793000 
19.995000 
20.197000 
20.398000 
20.599000 
20.800000 
21.001000 
21.202000 
21.403000 
21.604000 
21.804000 
22.005000 
22.205000 
22.406000 
22.607000 
22.807000 
23.008000 
23.209000 
23.409000 
23.610000 
23.810000 
24.010000 
24.211000 
24.411000 
24.612000 
24.812000 
25.013000 
25.213000 
25.413000 
25.614000 
25.814000 
26.015000 
26.215000 
26.416000 
26.616000 
26.817000 
27.018000 
27.219000 
27.419000 
27.620000 
27.820000 
28.021000 
28.221000 
28.421000 
28.622000 
28.822000 
29.022000 
29.222000 
29.423000 
29.623000 
29.823000 
30.023000 
30.222000 
30.422000 
30.621000 
30.820000 
31.020000 
31.219000 
31.418000 
31.617000 
31.817000 
32.016000 
32.215000 
32.415000 
32.614000 
32.813000 
33.012000 
33.211000 
33.410000 
33.609000 
33.808000 
34.007000 
34.206000 
34.405000 
34.604000 
34.803000 
35.002000 
35.201000 
35.400000 
35.600000 
35.799000 
35.999000 
36.198000 
36.398000 
36.598000 
36.798000 
36.998000 
37.198000 
37.398000 
37.598000 
37.798000 
37.999000 
38.199000 
38.400000 
38.601000 
38.801000 
39.002000 
39.203000 
39.404000 
39.605000 
39.806000 
40.007000 
40.208000 
40.410000 
40.611000 
40.812000 
41.013000 
41.215000 
41.416000 
41.618000 
41.819000 
42.021000 
42.222000 
42.424000 
42.625000 
42.826000 
43.027000 
43.229000 
43.430000 
43.631000 
43.832000 
44.033000 
44.234000 
44.435000 
44.636000 
44.837000 
45.038000 
45.239000 
45.439000 
45.640000 
45.841000 
46.041000 
46.242000 
46.442000 
46.643000 
46.843000 
47.043000 
47.244000 
47.445000 
47.646000 
47.847000 
48.047000 
48.248000 
48.449000 
48.649000 
48.850000 
49.050000 
49.251000 
49.452000 
49.653000 
49.853000 
50.054000 
50.255000 
50.455000 
50.656000 
50.857000 
51.057000 
51.258000 
51.459000 
51.659000 
51.860000 
52.060000 
52.261000 
52.461000 
52.662000 
52.863000 
53.063000 
53.264000 
53.465000 
53.666000 
53.867000 
54.068000 
54.269000 
54.470000 
54.671000 
54.872000 
55.073000 
55.274000 
55.474000 
55.675000 
55.876000 
56.076000 
56.276000 
56.476000 
56.676000 
56.876000 
57.076000 
57.275000 
57.475000 
57.674000 
57.873000 
58.073000 
58.272000 
58.471000 
58.670000 
58.869000 
59.068000 
59.267000 
59.466000 
59.666000 
59.865000 
60.064000 
60.263000 
60.462000 
60.661000 
60.861000 
61.060000 
61.259000 
61.459000 
61.658000 
61.858000 
62.057000 
62.257000 
62.456000 
62.655000 
62.855000 
63.054000 
63.254000 
63.454000 
63.653000 
63.853000 
64.052000 
64.252000 
64.451000 
64.651000 
64.850000 
65.050000 
65.250000 
65.449000 
65.649000 
65.849000 
66.049000 
66.249000 
66.448000 
66.648000 
66.848000 
67.047000 
67.247000 
67.446000 
67.645000 
67.845000 
68.045000 
68.244000 
68.444000 
68.644000 
68.844000 
69.043000 
69.243000 
69.443000 
69.643000 
69.843000 
70.043000 
70.243000 
70.443000 
70.644000 
70.844000 
71.045000 
71.245000 
71.445000 
71.646000 
71.846000 
72.047000 
72.247000 
72.447000 
72.648000 
72.848000 
73.048000 
73.248000 
73.448000 
73.648000 
73.848000 
74.048000 
74.248000 
74.449000 
74.649000 
74.849000 
75.049000 
75.249000 
75.449000 
75.649000 
75.849000 
76.049000 
76.249000 
76.449000 
76.650000 
76.850000 
77.050000 
77.250000 
77.450000 
77.650000 
77.850000 
78.050000 
78.250000 
78.450000 
78.650000 
78.850000 
79.050000 
79.250000 
79.450000 
79.650000 
79.849000 
80.049000 
80.250000 
80.450000 
80.651000 
80.851000 
81.052000 
81.253000 
81.453000 
81.654000 
81.855000 
82.055000 
82.256000 
82.457000 
82.658000 
82.859000 
83.060000 
83.261000 
83.461000 
83.662000 
83.863000 
84.063000 
84.264000 
84.465000 
84.665000 
84.866000 
85.066000 
85.266000 
85.467000 
85.667000 
85.867000 
86.067000 
86.267000 
86.467000 
86.667000 
86.867000 
87.067000 
87.267000 
87.468000 
87.668000 
87.868000 
88.067000 
88.267000 
88.467000 
88.667000 
88.867000 
89.067000 
89.267000 
89.467000 
89.667000 
89.867000 
90.066000 
90.266000 
90.466000 
90.666000 
90.866000 
91.066000 
91.266000 
91.466000 
91.666000 
91.866000 
92.065000 
92.265000 
92.465000 
92.665000 
92.865000 
93.065000 
93.266000 
93.466000 
93.666000 
93.865000 
94.065000 
94.265000 
94.465000 
94.666000 
94.866000 
95.066000 
95.266000 
95.467000 
95.667000 
95.868000 
96.069000 
96.269000 
96.470000 
96.671000 
96.872000 
97.073000 
97.275000 
97.476000 
97.678000 
97.880000 
98.082000 
98.284000 
98.485000 
98.687000 
98.888000 
99.090000 
99.291000 
99.492000 
99.694000 
99.894000 
100.094000 
100.294000 
100.493000 
100.692000 
100.891000 
101.090000 
101.288000 
101.487000 
101.685000 
101.883000 
102.082000 
102.280000 
102.478000 
102.676000 
102.874000 
103.072000 
103.270000 
103.469000 
103.667000 
103.866000 
104.065000 
104.265000 
104.464000 
104.663000 
104.862000 
105.062000 
105.261000 
105.460000 
105.660000 
105.860000 
106.059000 
106.259000 
106.459000 
106.659000 
106.859000 
107.060000 
107.260000 
107.460000 
107.660000 
107.860000 
108.060000 
108.261000 
108.461000 
108.661000 
108.861000 
109.061000 
109.261000 
109.461000 
109.661000 
109.860000 
110.060000 
110.260000 
110.459000 
110.659000 
110.858000 
111.058000 
111.258000 
111.458000 
111.658000 
111.858000 
112.058000 
112.258000 
112.458000 
112.658000 
112.858000 
113.057000 
113.257000 
113.457000 
113.658000 
113.858000 
114.058000 
114.258000 
114.458000 
114.657000 
114.857000 
115.057000 
115.257000 
115.456000 
115.656000 
115.855000 
116.055000 
116.254000 
116.453000 
116.652000 
116.851000 
117.050000 
117.248000 
117.447000 
117.646000 
117.844000 
118.043000 
118.242000 
118.440000 
118.639000 
118.838000 
119.037000 
119.236000 
119.435000 
119.634000 
119.834000 
120.033000 
120.233000 
120.434000 
120.634000 
120.834000 
121.035000 
121.235000 
121.436000 
121.636000 
121.837000 
122.037000 
122.237000 
122.438000 
122.638000 
122.838000 
123.038000 
123.238000 
123.438000 
123.638000 
123.838000 
124.037000 
124.236000 
124.436000 
124.635000 
124.835000 
125.035000 
125.234000 
125.434000 
125.633000 
125.833000 
126.033000 
126.232000 
126.432000 
126.631000 
126.831000 
127.031000 
127.230000 
127.430000 
127.629000 
127.829000 
128.029000 
128.229000 
128.428000 
128.628000 
128.828000 
129.028000 
129.227000 
129.427000 
129.627000 
129.828000 
130.028000 
130.229000 
130.429000 
130.630000 
130.830000 
131.030000 
131.231000 
131.431000 
131.632000 
131.832000 
132.032000 
132.233000 
132.433000 
132.633000 
132.833000 
133.033000 
133.233000 
133.433000 
133.633000 
133.833000 
134.033000 
134.233000 
134.433000 
134.634000 
134.834000 
135.034000 
135.234000 
135.435000 
135.635000 
135.835000 
136.035000 
136.236000 
136.436000 
136.637000 
136.838000 
137.039000 
137.240000 
137.440000 
137.641000 
137.842000 
138.043000 
138.244000 
138.444000 
138.645000 
138.845000 
139.045000 
139.246000 
139.446000 
139.646000 
139.847000 
140.047000 
140.247000 
140.447000 
140.647000 
140.848000 
141.048000 
141.248000 
141.448000 
141.649000 
141.849000 
142.050000 
142.251000 
142.452000 
142.653000 
142.854000 
143.055000 
143.256000 
143.457000 
143.659000 
143.860000 
144.062000 
144.264000 
144.465000 
144.666000 
144.868000 
145.069000 
145.270000 
145.471000 
145.672000 
145.873000 
146.074000 
146.274000 
146.475000 
146.676000 
146.877000 
147.077000 
147.278000 
147.479000 
147.679000 
147.880000 
148.081000 
148.282000 
148.482000 
148.683000 
148.884000 
149.085000 
149.285000 
149.486000 
149.686000 
149.886000 
150.087000 
150.287000 
150.487000 
150.687000 
150.887000 
151.087000 
151.287000 
151.487000 
151.687000 
151.887000 
152.087000 
152.288000 
152.488000 
152.688000 
152.889000 
153.089000 
153.290000 
153.490000 
153.691000 
153.891000 
154.091000 
154.291000 
154.492000 
154.692000 
154.892000 
155.092000 
155.292000 
155.492000 
155.693000 
155.893000 
156.093000 
156.294000 
156.494000 
156.694000 
156.894000 
157.094000 
157.294000 
157.494000 
157.694000 
157.894000 
158.094000 
158.293000 
158.493000 
158.693000 
158.893000 
159.094000 
159.294000 
159.494000 
159.695000 
159.895000 
160.095000 
160.296000 
160.496000 
160.696000 
160.896000 
161.096000 
161.296000 
161.496000 
161.696000 
161.896000 
162.096000 
162.296000 
162.496000 
162.696000 
162.896000 
163.096000 
163.296000 
163.496000 
163.696000 
163.896000 
164.095000 
164.295000 
164.495000 
164.695000 
164.895000 
165.095000 
165.295000 
165.495000 
165.695000 
165.895000 
166.096000 
166.296000 
166.496000 
166.697000 
166.897000 
167.097000 
167.298000 
167.498000 
167.698000 
167.899000 
168.099000 
168.299000 
168.499000 
168.699000 
168.898000 
169.098000 
169.298000 
169.498000 
169.698000 
169.899000 
170.099000 
170.299000 
170.499000 
170.699000 
170.900000 
171.100000 
171.300000 
171.500000 
171.700000 
171.900000 
172.100000 
172.300000 
172.500000 
172.700000 
172.899000 
173.099000 
173.299000 
173.499000 
173.698000 
173.898000 
174.098000 
174.297000 
174.497000 
174.696000 
174.896000 
175.096000 
175.295000 
175.495000 
175.694000 
175.893000 
176.093000 
176.292000 
176.491000 
176.690000 
176.889000 
177.089000 
177.288000 
177.487000 
177.686000 
177.886000 
178.086000 
178.286000 
178.485000 
178.685000 
178.884000 
179.083000 
179.283000 
179.482000 
179.682000 
179.881000 
180.080000 
180.280000 
180.480000 
180.679000 
180.879000 
181.079000 
181.279000 
181.479000 
181.679000 
181.880000 
182.080000 
182.280000 
182.481000 
182.681000 
182.881000 
183.081000 
183.281000 
183.481000 
183.681000 
183.882000 
184.082000 
184.282000 
184.483000 
184.683000 
184.883000 
185.084000 
185.284000 
185.484000 
185.683000 
185.883000 
186.083000 
186.282000 
186.481000 
186.680000 
186.879000 
187.078000 
187.278000 
187.477000 
187.676000 
187.875000 
188.074000 
188.273000 
188.472000 
188.671000 
188.871000 
189.070000 
189.269000 
189.468000 
189.667000 
189.865000 
190.064000 
190.263000 
190.461000 
190.660000 
190.858000 
191.056000 
191.255000 
191.453000 
191.652000 
191.851000 
192.050000 
192.249000 
192.448000 
192.647000 
192.846000 
193.045000 
193.244000 
193.443000 
193.642000 
193.842000 
194.042000 
194.241000 
194.441000 
194.641000 
194.841000 
195.041000 
195.241000 
195.441000 
195.641000 
195.840000 
196.040000 
196.240000 
196.440000 
196.640000 
196.840000 
197.041000 
197.241000 
197.441000 
197.641000 
197.841000 
198.040000 
198.240000 
198.440000 
198.640000 
198.840000 
199.040000 
199.240000 
199.440000 
199.640000 
199.840000 
200.040000 
200.240000 
200.440000 
200.639000 
200.839000 
201.039000 
201.238000 
201.438000 
201.637000 
201.836000 
202.034000 
202.233000 
202.431000 
202.629000 
202.827000 
203.025000 
203.223000 
203.420000 
203.618000 
203.815000 
204.012000 
204.209000 
204.406000 
204.603000 
